Traj: (664, 455),
Traj: (745, 540),(749, 539),(750, 529),(747, 508),(736, 472),(708, 435),(664, 403),(619, 388),(540, 384),(495, 397),(489, 406),(489, 411),
Traj: (664, 677),(669, 674),(685, 634),(736, 580),(865, 563),(1019, 591),(1180, 660),(1276, 771),(1292, 842),(1221, 895),(913, 891),(655, 850),(613, 815),(602, 744),
Traj: (1875, 1058),
Traj: (488, 555),(488, 556),
Traj: (444, 303),(444, 303),(447, 305),(450, 308),(454, 311),(457, 313),(460, 316),(464, 319),(467, 322),(471, 324),(474, 327),(477, 330),(481, 333),(484, 335),(487, 338),(491, 341),(494, 343),(498, 346),(501, 349),(504, 352),(508, 354),(511, 357),(514, 360),(518, 363),(521, 365),(525, 368),(528, 371),(531, 373),(535, 376),(538, 379),(542, 382),(545, 384),(548, 387),(552, 390),(555, 393),(558, 395),(562, 398),(565, 401),(569, 404),(572, 406),(575, 409),(579, 412),(582, 414),(585, 417),(589, 420),(592, 423),(596, 425),(599, 428),(602, 431),(606, 434),(609, 436),(613, 439),(616, 442),(619, 444),(623, 447),(626, 450),(629, 453),(633, 455),(636, 458),(640, 461),(643, 464),(646, 466),(650, 469),(653, 472),(656, 474),(660, 477),(663, 480),(667, 483),(670, 485),(673, 488),(677, 491),(680, 494),(683, 496),(687, 499),(690, 502),(694, 505),(697, 507),(700, 510),(704, 513),(707, 515),(711, 518),(714, 521),(717, 524),(721, 526),(724, 529),(727, 532),(731, 535),(734, 537),(738, 540),(741, 543),(744, 545),(748, 548),(751, 551),(754, 554),(758, 556),(761, 559),(765, 562),(768, 565),(771, 567),(775, 570),(778, 573),(782, 576),(782, 576),(774, 577),(767, 579),(760, 580),(753, 582),(746, 583),(738, 585),(731, 586),(724, 588),(717, 589),(710, 591),(703, 593),(695, 594),(688, 596),(681, 597),(674, 599),(667, 600),(660, 602),(652, 603),(645, 605),(638, 607),(631, 608),(624, 610),(617, 611),(609, 613),(602, 614),(595, 616),(588, 617),(581, 619),(574, 620),(566, 622),(559, 624),(552, 625),(545, 627),(538, 628),(531, 630),(523, 631),(516, 633),(509, 634),(502, 636),(495, 638),(488, 639),(480, 641),(473, 642),(466, 644),(459, 645),(452, 647),(445, 648),(437, 650),(430, 651),(423, 653),(416, 655),(409, 656),(401, 658),(394, 659),(387, 661),(380, 662),(373, 664),(366, 665),(358, 667),(351, 669),(344, 670),(337, 672),(330, 673),(323, 675),(315, 676),(308, 678),(301, 679),(294, 681),(287, 682),(280, 684),(272, 686),(265, 687),(258, 689),(251, 690),(244, 692),(237, 693),(229, 695),(222, 696),(215, 698),(208, 700),(201, 701),(194, 703),(186, 704),(179, 706),(172, 707),(165, 709),(158, 710),(151, 712),(143, 713),(136, 715),(129, 717),(122, 718),(115, 720),(108, 721),(100, 723),(93, 724),(86, 726),(79, 727),(72, 729),(65, 731),
Traj: (1660, 1043),(1615, 1014),(1570, 985),(1525, 956),(1481, 927),(1436, 898),(1391, 869),(1346, 840),(1302, 811),(1257, 782),(1212, 753),(1167, 724),(1123, 695),(1078, 666),(1033, 637),(989, 608),(944, 579),(899, 550),(854, 521),(810, 492),(765, 463),(720, 434),(675, 405),(631, 376),(586, 347),(541, 318),(496, 289),(452, 260),(407, 231),(362, 202),(318, 174),
Traj: (318, 174),(307, 194),(297, 215),(287, 236),(277, 257),(267, 278),(257, 298),(246, 319),(236, 340),(226, 361),(216, 382),(206, 402),(196, 423),(185, 444),(175, 465),(165, 486),(155, 506),(145, 527),(135, 548),(124, 569),(114, 590),(104, 610),(94, 631),(84, 652),(74, 673),(63, 694),(53, 714),(43, 735),(33, 756),(23, 777),(13, 798),
Traj: (13, 798),(76, 792),(139, 787),(202, 782),(265, 776),(329, 771),(392, 766),(455, 760),(518, 755),(581, 750),(645, 744),(708, 739),(771, 734),(834, 728),(897, 723),(961, 718),(1024, 712),(1087, 707),(1150, 702),(1213, 696),(1277, 691),(1340, 686),(1403, 680),(1466, 675),(1529, 670),(1593, 664),(1656, 659),(1719, 654),(1782, 648),(1845, 643),(1909, 638),
Traj: (1909, 638),(1871, 644),(1834, 651),(1797, 657),(1760, 664),(1723, 671),(1686, 677),(1649, 684),(1612, 691),(1575, 697),(1538, 704),(1501, 710),(1464, 717),(1427, 724),(1390, 730),(1353, 737),(1315, 744),(1278, 750),(1241, 757),(1204, 764),(1167, 770),(1130, 777),(1093, 783),(1056, 790),(1019, 797),(982, 803),(945, 810),(908, 817),(871, 823),(834, 830),(797, 837),
Traj: (797, 837),(789, 828),(781, 819),(773, 811),(765, 802),(757, 794),(749, 785),(741, 777),(733, 768),(725, 760),(717, 751),(709, 743),(701, 734),(693, 726),(685, 717),(678, 709),(670, 700),(662, 691),(654, 683),(646, 674),(638, 666),(630, 657),(622, 649),(614, 640),(606, 632),(598, 623),(590, 615),(582, 606),(574, 598),(566, 589),(559, 581),
Traj: (559, 581),(573, 580),(587, 579),(601, 578),(615, 577),(630, 576),(644, 576),(658, 575),(672, 574),(686, 573),(701, 572),(715, 571),(729, 571),(743, 570),(757, 569),(772, 568),(786, 567),(800, 566),(814, 566),(828, 565),(843, 564),(857, 563),(871, 562),(885, 561),(899, 561),(914, 560),(928, 559),(942, 558),(956, 557),(970, 556),(985, 556),
Traj: (985, 556),(963, 560),(942, 565),(921, 570),(900, 575),(879, 580),(857, 585),(836, 590),(815, 594),(794, 599),(773, 604),(751, 609),(730, 614),(709, 619),(688, 624),(667, 629),(645, 633),(624, 638),(603, 643),(582, 648),(561, 653),(539, 658),(518, 663),(497, 667),(476, 672),(455, 677),(433, 682),(412, 687),(391, 692),(370, 697),(349, 702),
Traj: (349, 702),(372, 703),(396, 704),(419, 706),(443, 707),(466, 708),(490, 710),(513, 711),(537, 712),(560, 714),(584, 715),(607, 716),(631, 718),(654, 719),(678, 720),(702, 722),(725, 723),(749, 724),(772, 726),(796, 727),(819, 728),(843, 730),(866, 731),(890, 732),(913, 734),(937, 735),(960, 736),(984, 738),(1007, 739),(1031, 740),(1055, 742),
Traj: (666, 817),(667, 817),(668, 817),
Traj: (1672, 1066),(1623, 1034),(1575, 1002),(1527, 971),(1479, 939),(1431, 908),(1382, 876),(1334, 845),(1286, 813),(1238, 781),(1190, 750),(1141, 718),(1093, 687),(1045, 655),(997, 624),(949, 592),(900, 560),(852, 529),(804, 497),(756, 466),(708, 434),(659, 403),(611, 371),(563, 339),(515, 308),(467, 276),(418, 245),(370, 213),(322, 182),(274, 150),(226, 119),
Traj: (15, 800),(78, 794),(141, 789),(204, 784),(267, 778),(330, 773),(393, 768),(456, 762),(519, 757),(582, 752),(645, 747),(708, 741),(771, 736),(834, 731),(897, 725),(960, 720),(1023, 715),(1086, 709),(1149, 704),(1212, 699),(1275, 694),(1338, 688),(1401, 683),(1464, 678),(1527, 672),(1590, 667),(1653, 662),(1716, 656),(1779, 651),(1842, 646),(1906, 641),
Traj: (1906, 572),(1842, 576),(1778, 581),(1715, 586),(1651, 590),(1588, 595),(1524, 600),(1461, 605),(1397, 609),(1334, 614),(1270, 619),(1207, 624),(1143, 628),(1080, 633),(1016, 638),(953, 643),(889, 647),(825, 652),(762, 657),(698, 661),(635, 666),(571, 671),(508, 676),(444, 680),(381, 685),(317, 690),(254, 695),(190, 699),(127, 704),(63, 709),(0, 714),
Traj: (1903, 1055),(1903, 1054),(1901, 1052),(1892, 1046),(1880, 1040),(1869, 1035),(1850, 1025),(1836, 1015),(1824, 1006),(1807, 993),(1792, 982),(1775, 973),(1758, 966),(1747, 959),(1728, 949),(1717, 945),(1708, 939),(1699, 936),(1691, 932),(1680, 928),(1667, 923),(1655, 916),(1643, 910),(1633, 905),(1621, 898),(1611, 891),(1601, 884),(1591, 877),(1581, 870),(1570, 861),(1562, 855),(1555, 849),(1551, 845),(1545, 839),(1539, 833),(1534, 825),(1529, 817),(1524, 808),(1518, 797),(1515, 788),(1512, 781),(1512, 777),(1512, 773),(1512, 768),(1513, 764),(1516, 759),(1519, 752),(1521, 748),(1524, 745),(1527, 740),(1528, 739),(1531, 736),(1538, 730),(1545, 724),(1552, 721),(1559, 717),(1567, 714),(1576, 711),(1586, 708),(1598, 704),(1606, 701),(1615, 699),(1623, 696),(1629, 695),(1635, 693),(1642, 690),(1649, 688),(1659, 686),(1670, 684),(1682, 681),(1693, 680),(1702, 679),(1713, 678),(1722, 678),(1733, 677),(1742, 676),(1751, 675),(1758, 674),(1764, 673),(1769, 671),(1772, 671),(1777, 670),(1784, 668),(1794, 668),(1806, 665),(1814, 662),(1818, 661),(1822, 660),(1826, 658),(1832, 656),(1838, 653),(1844, 651),(1849, 649),(1850, 649),(1857, 649),(1867, 647),(1871, 646),(1872, 645),(1873, 645),(1874, 645),(1875, 645),(1875, 644),
Traj: (314, 231),(346, 259),(378, 287),(410, 315),(442, 343),(474, 371),(506, 399),(538, 427),(570, 455),(602, 483),(634, 511),(666, 539),(698, 567),(730, 595),(762, 623),(795, 651),(827, 679),(859, 707),(891, 735),(923, 763),(955, 791),(987, 819),(1019, 847),(1051, 875),(1083, 903),(1115, 931),(1147, 959),(1179, 987),(1211, 1015),(1243, 1043),(1276, 1072),
Traj: (283, 243),(307, 270),(332, 298),(356, 326),(381, 353),(405, 381),(430, 409),(454, 437),(479, 464),(503, 492),(528, 520),(552, 548),(577, 575),(601, 603),(626, 631),(651, 659),(675, 686),(700, 714),(724, 742),(749, 769),(773, 797),(798, 825),(822, 853),(847, 880),(871, 908),(896, 936),(920, 964),(945, 991),(969, 1019),(994, 1047),(1019, 1075),
Traj: (427, 407),(428, 408),(429, 409),(430, 410),(432, 413),(434, 416),(437, 418),(439, 421),(441, 422),(443, 425),(446, 429),(449, 431),(451, 433),(454, 436),(457, 439),(460, 442),(461, 445),(464, 447),(467, 451),(470, 453),(472, 456),(474, 459),(477, 463),(482, 468),(487, 474),(491, 480),(496, 486),(501, 492),(507, 499),(513, 506),(518, 513),(523, 518),(529, 526),(534, 532),(538, 536),(541, 542),(544, 546),(546, 551),(548, 556),(551, 561),(554, 567),(554, 573),(555, 579),(555, 582),(555, 588),(555, 591),(555, 595),(555, 598),(553, 601),(551, 606),(548, 609),(545, 612),(542, 615),(538, 618),(535, 621),(529, 626),(524, 630),(517, 634),(511, 636),(502, 639),(489, 644),(480, 647),(469, 648),(459, 649),(449, 650),(437, 651),(428, 651),(422, 652),(415, 653),(409, 653),(403, 653),(396, 655),(387, 656),(381, 658),(375, 659),(370, 660),(366, 660),(360, 662),(355, 663),(351, 664),(345, 666),(339, 667),(334, 668),(329, 670),(323, 671),(315, 673),(308, 675),(300, 676),(293, 678),(286, 679),(277, 680),(267, 683),(258, 683),(251, 685),(244, 685),(236, 686),(226, 687),(211, 688),(201, 689),(192, 689),(184, 690),(175, 690),(166, 691),(155, 692),(145, 693),(135, 694),(126, 694),(121, 695),(116, 696),(112, 696),(101, 698),(91, 700),(82, 702),(74, 704),(66, 706),(59, 709),(54, 710),(52, 711),(50, 712),(49, 712),
Traj: (29, 895),(33, 893),(41, 889),(52, 884),(60, 881),(66, 879),(73, 877),(81, 876),(90, 874),(99, 873),(111, 872),(122, 871),(139, 870),(152, 870),(161, 869),(168, 868),(177, 867),(187, 866),(201, 865),(211, 863),(221, 863),(232, 862),(240, 861),(249, 860),(262, 858),(273, 856),(284, 856),(296, 855),(308, 854),(320, 853),(336, 852),(348, 851),(361, 851),(378, 850),(391, 849),(402, 848),(415, 847),(427, 846),(444, 845),(461, 844),(479, 843),(491, 842),(506, 842),(520, 842),(534, 842),(548, 841),(564, 841),(576, 841),(588, 841),(597, 842),(610, 842),(619, 844),(627, 848),(644, 855),(663, 862),(680, 869),(694, 876),(703, 880),(718, 886),(732, 895),(751, 905),(765, 912),(776, 918),(786, 926),(796, 935),(802, 940),(806, 944),(812, 950),(821, 958),(828, 965),(835, 973),(841, 981),(849, 990),(862, 1004),(874, 1013),(878, 1020),(885, 1030),(892, 1038),(898, 1046),(903, 1053),(909, 1061),(912, 1067),(915, 1073),(916, 1077),(917, 1077),(917, 1078),
Traj: (198, 864),(199, 864),(200, 864),(201, 863),(202, 863),(204, 863),(206, 863),(208, 863),(212, 863),(215, 863),(220, 862),(227, 862),(235, 862),(246, 860),(256, 859),(264, 858),(267, 858),(274, 856),(284, 856),(293, 854),(300, 853),(307, 852),(313, 851),(320, 851),(327, 849),(336, 848),(341, 848),(349, 846),(358, 845),(368, 844),(379, 843),(392, 842),(407, 841),(419, 840),(427, 840),(429, 839),(432, 839),(436, 839),(444, 839),(455, 839),(464, 839),(472, 838),(478, 838),(487, 838),(496, 838),(507, 837),(520, 836),(533, 836),(545, 836),(557, 836),(569, 836),(581, 836),(591, 836),(601, 836),(612, 836),(621, 836),(637, 838),(653, 841),(670, 845),(686, 848),(700, 851),(712, 855),(726, 861),(742, 867),(762, 876),(772, 881),(784, 886),(794, 891),(806, 900),(818, 909),(832, 919),(853, 933),(872, 944),(890, 955),(901, 962),(915, 972),(924, 979),(933, 987),(941, 993),(949, 1003),(958, 1010),(969, 1016),(976, 1020),(984, 1024),(991, 1027),(999, 1030),(1010, 1036),(1019, 1039),(1028, 1043),(1034, 1046),(1038, 1047),(1043, 1048),(1044, 1049),(1047, 1051),(1052, 1053),(1055, 1054),(1057, 1056),(1063, 1059),(1067, 1062),(1071, 1065),(1071, 1066),(1071, 1067),
Traj: (1494, 1079),(1493, 1079),(1491, 1079),(1486, 1077),(1486, 1076),(1480, 1074),(1475, 1072),(1469, 1069),(1463, 1065),(1459, 1063),(1455, 1061),(1451, 1057),(1442, 1051),(1431, 1043),(1422, 1038),(1415, 1034),(1404, 1029),(1396, 1025),(1387, 1021),(1377, 1017),(1361, 1010),(1353, 1006),(1347, 1003),(1337, 999),(1332, 995),(1325, 990),(1317, 984),(1309, 979),(1303, 975),(1299, 972),(1296, 970),(1289, 964),(1279, 957),(1270, 951),(1261, 944),(1254, 939),(1248, 936),(1244, 933),(1242, 932),(1239, 929),(1236, 928),(1234, 926),(1230, 924),(1229, 923),(1225, 920),(1220, 915),(1215, 911),(1209, 906),(1207, 904),(1206, 903),(1205, 901),(1203, 899),(1199, 895),(1195, 890),(1191, 886),(1186, 882),(1179, 874),(1170, 864),(1161, 855),(1151, 844),(1145, 837),(1139, 832),(1132, 827),(1127, 823),(1122, 819),(1115, 813),(1106, 807),(1100, 803),(1094, 799),(1088, 795),(1083, 791),(1079, 789),(1075, 786),(1071, 783),(1065, 779),(1058, 774),(1051, 768),(1043, 763),(1033, 757),(1030, 756),(1022, 752),(1020, 751),(1018, 751),(1016, 748),(1011, 745),(1006, 742),(999, 737),(992, 731),(987, 729),(985, 728),(984, 726),(982, 725),(978, 722),(971, 717),(962, 711),(956, 706),(953, 705),(951, 704),(950, 703),(947, 701),(944, 699),(940, 696),(932, 691),(926, 688),(922, 686),(918, 684),(913, 682),(906, 680),(895, 677),(872, 669),(849, 662),(824, 654),(812, 653),(807, 653),(803, 653),(797, 652),(788, 651),(781, 651),(772, 651),(764, 651),(744, 648),(724, 648),(712, 648),(703, 648),(694, 649),(680, 649),(666, 649),(643, 649),(621, 649),(608, 650),(597, 651),(588, 652),(577, 653),(564, 654),(550, 655),(540, 656),(530, 658),(522, 658),(516, 660),(508, 660),(501, 662),(494, 663),(485, 665),(474, 667),(460, 668),(443, 669),(427, 673),(416, 675),(410, 677),(404, 679),(398, 681),(392, 681),(385, 682),(376, 683),(364, 684),(351, 685),(343, 686),(338, 687),(335, 687),(330, 688),(325, 689),(317, 690),(307, 690),(293, 690),(278, 691),(268, 693),(262, 693),(257, 693),(253, 694),
Traj: (1910, 546),(1908, 546),(1902, 546),(1889, 549),(1866, 553),(1851, 555),(1836, 557),(1825, 559),(1816, 561),(1810, 562),(1801, 563),(1794, 565),(1786, 565),(1777, 565),(1771, 566),(1765, 567),(1759, 567),(1751, 567),(1741, 567),(1733, 566),(1725, 566),(1717, 566),(1711, 566),(1706, 566),(1699, 565),(1692, 565),(1686, 565),(1680, 565),(1673, 565),(1660, 565),(1644, 566),(1633, 568),(1623, 569),(1612, 570),(1601, 570),(1594, 571),(1586, 571),(1579, 572),(1574, 573),(1572, 573),(1570, 574),(1568, 574),(1564, 575),(1560, 576),(1556, 577),(1551, 578),(1546, 578),(1540, 579),(1530, 580),(1521, 581),(1512, 582),(1500, 584),(1482, 584),(1464, 587),(1449, 589),(1439, 589),(1430, 590),(1424, 591),(1419, 591),(1412, 591),(1403, 591),(1392, 591),(1378, 592),(1363, 592),(1359, 592),(1344, 592),(1331, 592),(1319, 593),(1309, 594),(1295, 596),(1285, 598),(1277, 598),(1268, 599),(1259, 600),(1246, 601),(1234, 602),(1222, 603),(1207, 603),(1185, 603),(1159, 604),(1147, 604),(1142, 604),(1137, 604),(1132, 604),(1130, 604),(1124, 604),(1109, 604),(1098, 603),(1086, 601),(1075, 599),(1066, 598),(1055, 596),(1046, 595),(1038, 592),(1028, 589),(1014, 585),(1002, 582),(982, 575),(968, 570),(955, 565),(943, 561),(935, 558),(930, 556),(926, 555),(922, 553),(918, 551),(912, 548),(906, 545),(899, 542),(893, 538),(888, 536),(881, 533),(880, 532),(874, 530),(871, 528),(867, 526),(863, 525),(857, 521),(853, 519),(849, 518),(847, 516),(844, 515),(841, 514),(838, 513),(836, 512),(834, 511),(831, 510),(828, 508),(825, 507),(822, 506),(819, 504),(817, 504),(815, 503),(813, 502),
Traj: (491, 331),(493, 331),(496, 333),(500, 335),(506, 339),(512, 343),(518, 347),(524, 351),(530, 354),(533, 356),(536, 358),(539, 361),(542, 363),(545, 366),(549, 369),(555, 374),(559, 377),(564, 381),(569, 385),(574, 389),(578, 392),(582, 396),(586, 399),(590, 402),(595, 406),(600, 411),(605, 415),(610, 420),(615, 425),(620, 430),(624, 433),(626, 435),(628, 437),(631, 440),(633, 443),(636, 445),(641, 449),(644, 453),(648, 455),(651, 457),(654, 460),(657, 463),(663, 467),(671, 473),(677, 479),(684, 484),(689, 488),(691, 490),(694, 492),(697, 494),(701, 496),(705, 500),(710, 504),(716, 509),(721, 515),(727, 520),(733, 526),(738, 532),(744, 535),(748, 538),(753, 541),(759, 545),(764, 549),(770, 553),(776, 556),(782, 561),(791, 567),(801, 573),(808, 577),(817, 582),(825, 587),(830, 589),(833, 591),(836, 592),(839, 595),(845, 597),(849, 600),(853, 602),(855, 604),(857, 605),(857, 606),(858, 607),(859, 608),(860, 609),(861, 610),(863, 611),(868, 613),(874, 615),(879, 616),(884, 618),(890, 618),(895, 620),(899, 621),(904, 622),(910, 623),(917, 624),(924, 625),(932, 626),(940, 628),(949, 629),(958, 630),(961, 630),(966, 630),(969, 631),(972, 631),(977, 632),(981, 633),(986, 634),(991, 635),(997, 636),(1002, 637),(1007, 637),(1013, 639),(1018, 640),(1026, 642),(1033, 644),(1040, 645),(1044, 646),(1049, 647),(1054, 648),(1063, 649),(1072, 652),(1082, 653),(1090, 654),(1094, 654),(1100, 655),(1104, 655),(1108, 656),(1112, 656),(1119, 657),(1126, 657),(1133, 657),(1139, 657),(1145, 657),(1149, 657),(1152, 657),(1155, 657),(1158, 657),(1161, 657),(1165, 657),(1174, 656),(1186, 655),(1201, 655),(1218, 655),(1228, 655),(1233, 655),(1234, 655),(1237, 655),(1242, 654),(1251, 654),(1261, 653),(1273, 653),(1289, 650),(1304, 648),(1316, 647),(1323, 645),(1328, 645),(1330, 645),(1342, 644),(1357, 642),(1372, 641),(1388, 641),(1404, 641),(1417, 641),(1426, 641),(1437, 641),(1446, 641),(1458, 641),(1468, 641),(1479, 641),(1489, 642),(1498, 643),(1511, 644),(1524, 645),(1537, 645),(1552, 645),(1561, 645),(1567, 645),(1571, 645),(1577, 645),(1584, 645),(1594, 645),(1606, 645),(1628, 647),(1657, 647),(1672, 647),(1682, 647),(1690, 647),(1693, 647),(1696, 647),(1704, 647),(1713, 647),(1724, 647),(1733, 647),(1741, 647),(1743, 647),(1747, 647),(1753, 648),(1758, 648),(1759, 648),(1761, 648),(1773, 650),(1782, 650),(1790, 650),(1799, 650),(1806, 650),(1808, 650),(1815, 651),(1823, 651),(1825, 651),
