Traj: (664, 455)
Traj: (742, 506), (734, 488), (720, 471), (694, 441), (653, 416), (605, 401), (579, 393), (551, 389)
Traj: (695, 630), (737, 613), (793, 609), (897, 605), (1015, 633), (1126, 685), (1197, 751), (1176, 811), (1071, 849), (938, 858), (800, 839), (695, 825), (623, 803)
Traj: (1875, 1058)
Traj: (488, 555)
Traj: (460, 316), (468, 323), (477, 329), (494, 343), (511, 357), (528, 370), (545, 384), (562, 398), (579, 411), (595, 425), (612, 439), (629, 452), (646, 466), (663, 480), (680, 493), (697, 507), (714, 521), (731, 534), (748, 548), (757, 560), (758, 570), (752, 578), (738, 584), (716, 589), (695, 594), (673, 598), (652, 603), (630, 608), (609, 612), (587, 617), (566, 622), (544, 626), (523, 631), (501, 636), (480, 640), (458, 645), (437, 650), (415, 654), (394, 659), (372, 664), (351, 668), (329, 673), (308, 677), (286, 682), (265, 687), (243, 691), (222, 696), (200, 701), (179, 705), (157, 710), (136, 715), (114, 719), (104, 722), (93, 724)
Traj: (1615, 1014), (1592, 999), (1570, 985), (1525, 956), (1480, 927), (1435, 898), (1391, 869), (1346, 840), (1301, 811), (1256, 782), (1212, 753), (1167, 724), (1122, 695), (1078, 666), (1033, 637), (988, 608), (943, 579), (899, 550), (854, 521), (809, 492), (764, 463), (720, 434), (675, 405), (630, 376), (585, 347), (541, 318), (496, 289), (451, 260), (407, 231), (384, 216), (362, 202)
Traj: (307, 194), (302, 204), (297, 215), (287, 236), (277, 256), (266, 277), (256, 298), (246, 319), (236, 340), (226, 360), (216, 381), (205, 402), (195, 423), (185, 444), (175, 464), (165, 485), (155, 506), (144, 527), (134, 548), (124, 568), (114, 589), (104, 610), (94, 631), (83, 652), (73, 672), (63, 693), (53, 714), (43, 735), (33, 756), (28, 766), (23, 777)
Traj: (76, 792), (107, 789), (139, 787), (202, 781), (265, 776), (328, 771), (391, 765), (455, 760), (518, 755), (581, 749), (644, 744), (707, 739), (771, 733), (834, 728), (897, 723), (960, 717), (1023, 712), (1087, 707), (1150, 701), (1213, 696), (1276, 691), (1339, 685), (1403, 680), (1466, 675), (1529, 669), (1592, 664), (1655, 659), (1719, 653), (1782, 648), (1813, 645), (1845, 643)
Traj: (1871, 644), (1852, 647), (1834, 650), (1797, 657), (1760, 664), (1723, 670), (1686, 677), (1649, 684), (1612, 690), (1575, 697), (1538, 703), (1501, 710), (1464, 717), (1427, 723), (1389, 730), (1352, 737), (1315, 743), (1278, 750), (1241, 757), (1204, 763), (1167, 770), (1130, 776), (1093, 783), (1056, 790), (1019, 796), (982, 803), (945, 810), (908, 816), (871, 823), (852, 826), (834, 830)
Traj: (781, 819), (773, 810), (765, 802), (749, 785), (733, 768), (717, 751), (701, 734), (685, 717), (669, 700), (653, 683), (638, 666), (622, 649), (606, 632), (590, 615), (582, 606), (574, 598)
Traj: (587, 579), (601, 578), (615, 577), (643, 575), (672, 574), (700, 572), (729, 570), (757, 569), (785, 567), (814, 565), (842, 564), (871, 562), (899, 560), (927, 559), (942, 558), (956, 557)
Traj: (963, 560), (952, 562), (942, 565), (921, 570), (899, 575), (878, 580), (857, 584), (836, 589), (815, 594), (793, 599), (772, 604), (751, 609), (730, 614), (709, 619), (687, 623), (666, 628), (645, 633), (624, 638), (603, 643), (581, 648), (560, 653), (539, 657), (518, 662), (497, 667), (475, 672), (454, 677), (433, 682), (412, 687), (391, 692), (380, 694), (370, 697)
Traj: (372, 703), (384, 703), (395, 704), (419, 705), (442, 707), (466, 708), (489, 709), (513, 711), (536, 712), (560, 713), (583, 715), (607, 716), (630, 717), (654, 719), (678, 720), (701, 721), (725, 723), (748, 724), (772, 725), (795, 727), (819, 728), (842, 729), (866, 731), (889, 732), (913, 733), (936, 735), (960, 736), (983, 737), (1007, 739), (1019, 739), (1031, 740)
Traj: (666, 817)
Traj: (1623, 1034), (1599, 1018), (1575, 1002), (1527, 970), (1478, 939), (1430, 907), (1382, 876), (1334, 844), (1286, 813), (1237, 781), (1189, 749), (1141, 718), (1093, 686), (1045, 655), (996, 623), (948, 592), (900, 560), (852, 528), (804, 497), (755, 465), (707, 434), (659, 402), (611, 371), (563, 339), (514, 307), (466, 276), (418, 244), (370, 213), (322, 181), (298, 166), (274, 150)
Traj: (78, 794), (109, 791), (141, 789), (204, 783), (267, 778), (330, 773), (393, 767), (456, 762), (519, 757), (582, 751), (645, 746), (708, 741), (771, 736), (834, 730), (897, 725), (960, 720), (1023, 714), (1086, 709), (1149, 704), (1212, 698), (1275, 693), (1338, 688), (1401, 683), (1464, 677), (1527, 672), (1590, 667), (1653, 661), (1716, 656), (1779, 651), (1810, 648), (1842, 646)
Traj: (1842, 576), (1810, 578), (1778, 581), (1714, 585), (1651, 590), (1587, 595), (1524, 599), (1460, 604), (1397, 609), (1333, 614), (1270, 618), (1206, 623), (1143, 628), (1079, 633), (1016, 637), (952, 642), (889, 647), (825, 652), (761, 656), (698, 661), (634, 666), (571, 670), (507, 675), (444, 680), (380, 685), (317, 689), (253, 694), (190, 699), (126, 704), (95, 706), (63, 709)
Traj: (1877, 1040), (1864, 1031), (1852, 1023), (1827, 1007), (1800, 991), (1776, 976), (1753, 962), (1727, 949), (1703, 938), (1680, 927), (1657, 915), (1634, 903), (1612, 890), (1591, 875), (1571, 859), (1552, 841), (1537, 821), (1526, 799), (1524, 776), (1529, 754), (1542, 736), (1561, 721), (1583, 710), (1605, 701), (1628, 695), (1649, 689), (1670, 685), (1691, 681), (1713, 678), (1736, 675), (1758, 672), (1781, 668), (1804, 662), (1827, 657), (1838, 654), (1848, 651)
Traj: (346, 259), (362, 273), (378, 287), (410, 315), (442, 343), (474, 371), (506, 399), (538, 427), (570, 455), (602, 483), (634, 511), (666, 539), (698, 567), (730, 595), (762, 623), (794, 651), (826, 679), (859, 707), (891, 735), (923, 763), (955, 791), (987, 819), (1019, 847), (1051, 875), (1083, 903), (1115, 931), (1147, 959), (1179, 987), (1211, 1015), (1227, 1029), (1243, 1043)
Traj: (307, 270), (319, 284), (331, 298), (356, 325), (380, 353), (405, 381), (429, 408), (454, 436), (478, 464), (503, 492), (527, 519), (552, 547), (576, 575), (601, 603), (626, 630), (650, 658), (675, 686), (699, 714), (724, 741), (748, 769), (773, 797), (797, 824), (822, 852), (846, 880), (871, 908), (895, 935), (920, 963), (944, 991), (969, 1019), (981, 1033), (994, 1047)
Traj: (441, 422), (449, 431), (456, 439), (471, 456), (487, 474), (502, 493), (517, 512), (530, 532), (541, 552), (546, 573), (544, 592), (535, 610), (520, 625), (501, 636), (480, 643), (458, 647), (435, 651), (412, 653), (390, 657), (367, 661), (344, 665), (322, 670), (299, 675), (275, 679), (251, 683), (226, 686), (201, 688), (178, 690), (155, 692), (133, 694), (111, 697), (101, 699), (89, 700)
Traj: (51, 885), (63, 882), (75, 880), (99, 875), (124, 871), (150, 869), (174, 867), (200, 865), (224, 862), (248, 859), (271, 857), (297, 855), (323, 853), (348, 851), (375, 849), (403, 847), (431, 846), (460, 844), (489, 843), (519, 842), (546, 841), (572, 842), (596, 844), (619, 848), (643, 855), (667, 864), (694, 876), (720, 889), (747, 904), (770, 918), (792, 934), (810, 949), (827, 967), (844, 984), (860, 1001), (876, 1020), (885, 1030), (893, 1039)
Traj: (221, 862), (232, 861), (244, 859), (267, 857), (291, 854), (313, 851), (335, 848), (358, 845), (381, 843), (405, 841), (429, 840), (454, 839), (480, 838), (506, 837), (531, 836), (558, 836), (584, 836), (611, 838), (640, 841), (669, 846), (699, 854), (728, 863), (755, 874), (782, 888), (807, 902), (829, 916), (850, 930), (872, 944), (892, 958), (911, 972), (931, 986), (951, 1001), (970, 1013), (990, 1025), (1011, 1035), (1032, 1046), (1042, 1050), (1053, 1055)
Traj: (1474, 1070), (1463, 1063), (1451, 1056), (1428, 1044), (1404, 1031), (1379, 1018), (1355, 1005), (1332, 992), (1310, 979), (1289, 965), (1269, 950), (1249, 936), (1230, 921), (1212, 906), (1194, 889), (1177, 872), (1161, 855), (1143, 839), (1125, 823), (1107, 809), (1088, 795), (1069, 782), (1050, 769), (1031, 756), (1011, 743), (992, 731), (971, 717), (952, 705), (928, 692), (903, 681), (878, 671), (852, 664), (825, 657), (800, 653), (772, 650), (744, 649), (712, 649), (680, 648), (650, 649), (623, 650), (597, 651), (575, 653), (552, 655), (530, 658), (506, 661), (482, 664), (456, 669), (430, 673), (403, 677), (377, 681), (353, 685), (328, 687), (304, 689), (293, 690), (280, 691)
Traj: (1888, 549), (1875, 551), (1863, 553), (1840, 557), (1816, 560), (1793, 563), (1771, 565), (1748, 565), (1723, 565), (1698, 565), (1672, 566), (1648, 567), (1624, 568), (1600, 570), (1577, 573), (1553, 576), (1525, 580), (1497, 583), (1470, 586), (1442, 588), (1415, 590), (1388, 591), (1362, 592), (1336, 593), (1309, 595), (1283, 597), (1258, 599), (1234, 601), (1208, 602), (1184, 603), (1159, 603), (1135, 603), (1111, 602), (1088, 600), (1064, 596), (1038, 590), (1012, 583), (986, 575), (959, 566), (935, 556), (913, 547), (893, 538), (873, 529), (853, 520), (844, 515), (834, 511)
Traj: (511, 342), (520, 349), (530, 356), (549, 370), (567, 384), (585, 399), (603, 414), (620, 429), (637, 444), (654, 459), (672, 474), (690, 489), (708, 504), (726, 519), (745, 533), (763, 547), (783, 561), (803, 573), (822, 585), (843, 597), (863, 606), (883, 614), (904, 620), (926, 625), (947, 628), (969, 631), (991, 635), (1012, 639), (1034, 643), (1057, 647), (1079, 651), (1103, 654), (1127, 655), (1150, 656), (1175, 656), (1200, 655), (1225, 654), (1251, 653), (1276, 651), (1302, 648), (1330, 645), (1358, 643), (1387, 642), (1415, 641), (1441, 641), (1466, 641), (1490, 642), (1513, 643), (1536, 644), (1559, 644), (1583, 645), (1607, 645), (1631, 646), (1655, 646), (1680, 647), (1705, 647), (1729, 647), (1752, 648), (1776, 649), (1787, 649), (1798, 650)
