1.mkv-1: (771,356)
1.mkv-2: (267,803), (275,797), (286,797), (297,797), (311,794), (322,795), (334,796), (347,793), (358,794), (369,793), (382,792), (393,794), (405,794), (415,793), (428,795), (439,798), (452,797), (462,796), (473,796), (490,799), (501,794), (515,796), (527,797), (537,798), (548,801), (568,802), (579,804), (593,803), (603,802), (613,803), (625,801), (638,805), (650,810), (665,813), (675,821), (686,826), (696,829), (706,830), (716,830), (730,831), (746,832), (758,830), (767,835), (781,840), (791,842), (802,848), (814,851), (829,859), (841,865), (852,868), (862,873), (874,880), (883,888), (892,895), (903,899), (912,907), (920,914), (934,922), (945,926), (957,934), (966,939), (970,950), (978,956), (989,959), (1010,962), (1020,964), (1030,973), (1041,980), (1050,985), (1060,991), (1067,999)
1.mkv-4: (185,742), (193,748), (182,746), (196,747), (193,735), (196,745), (193,735), (196,745), (194,735), (196,745), (194,735), (204,737), (214,738), (225,737), (237,737), (254,731), (264,728), (277,730), (317,744)
1.mkv-6: (550,286), (539,282), (530,274), (518,264), (508,263), (500,255)
1.mkv-7: (190,731)
1.mkv-8: (587,356), (600,363), (615,371), (624,377), (635,381), (644,389), (655,393), (664,402), (674,407), (681,415), (695,425), (706,428), (719,437), (728,446), (738,450), (747,458), (760,465), (776,477), (794,481), (804,486), (830,498), (847,510), (881,514), (891,516)
1.mkv-12: (479,340)
1.mkv-14: (511,262), (495,252)
1.mkv-15: (496,358), (508,363), (514,372), (524,378), (530,386), (538,392), (548,399), (558,406), (567,412), (577,421), (584,429), (591,437), (599,444), (605,453), (612,463), (697,524), (705,534), (720,544), (727,554), (736,563), (739,574), (751,577), (759,584), (765,592), (773,598), (787,608), (801,620), (809,626), (818,631), (828,640), (834,649), (843,657), (850,665), (861,674), (870,679), (881,686), (887,694), (895,701), (902,709), (913,717), (922,726), (931,732), (940,741), (954,753), (965,762), (975,770), (985,778), (995,787), (1010,802), (1022,812), (1035,821), (1045,832), (1053,840), (1073,855), (1085,869), (1096,880), (1108,890), (1121,901), (1142,920), (1161,935), (1173,947), (1190,959), (1204,967), (1232,975), (1245,982), (1257,989), (1266,995), (1274,1002), (1281,1011)
1.mkv-17: (720,452), (790,490), (805,486), (867,523), (870,513), (880,512), (902,521), (913,527), (927,531), (939,532), (954,546), (963,551)
1.mkv-18: (180,733), (173,741), (204,737)
1.mkv-24: (413,281)
1.mkv-42: (1540,617), (1569,617), (1650,614)
1.mkv-45: (223,725)
1.mkv-47: (477,331), (486,338), (494,346), (503,352), (519,361), (535,375), (546,385), (555,391), (561,400), (570,407), (579,412), (587,418)
1.mkv-55: (283,726), (295,724), (306,724), (317,726), (329,724), (339,724), (355,725), (368,723), (378,724), (389,720), (400,721), (418,721), (429,720), (443,719), (455,720), (467,718), (478,718), (490,717), (504,716), (518,713), (542,710), (552,709), (563,708), (573,707), (583,706), (607,705), (625,704), (643,699), (683,696), (708,692), (725,690), (742,688), (755,687), (768,686), (780,686), (792,685), (803,682), (815,682), (826,683), (841,682), (857,680), (867,678), (877,677), (887,676), (898,674), (910,673), (933,670), (944,669), (956,668), (966,665), (989,664), (1001,663), (1012,661), (1029,661), (1044,660), (1055,659), (1065,658), (1084,656), (1099,653), (1111,653), (1129,652), (1141,650), (1156,649), (1166,649), (1178,648), (1188,647), (1199,647), (1212,645), (1222,644), (1234,643), (1245,642), (1255,641), (1268,641), (1281,640), (1291,640), (1301,640), (1311,639), (1323,638), (1337,638), (1347,637), (1368,635), (1387,634), (1397,634), (1416,632), (1426,632), (1442,630), (1456,628), (1468,628), (1485,626), (1501,624), (1511,623), (1522,622), (1533,621), (1543,620), (1553,619), (1566,619), (1577,618), (1588,617), (1609,617), (1623,616), (1637,615), (1659,614), (1675,614), (1694,612), (1728,614), (1762,609), (1804,601), (1812,594), (1823,595), (1836,590)
1.mkv-58: (297,719)
1.mkv-62: (496,359), (508,360), (526,376), (575,409), (591,428), (601,434), (608,442), (532,372), (537,381), (545,389), (553,397), (560,405), (571,413), (581,414), (591,421), (593,431), (605,440), (612,454)
1.mkv-68: (478,337), (494,351), (503,356), (517,362), (526,367), (515,366)
1.mkv-70: (74,828), (85,830), (98,827), (119,824), (129,824), (143,819), (153,817), (165,821), (175,820), (187,820), (197,818), (211,818), (221,816), (236,812), (250,811), (262,811), (274,811), (284,810), (302,805), (315,805), (330,802), (348,800), (359,800), (374,799), (391,799), (408,800), (418,799), (428,799), (440,798), (455,797), (473,795), (484,794), (495,793), (511,794), (526,793), (536,793), (548,792), (558,796), (568,796), (584,796)
1.mkv-72: (495,341)
1.mkv-73: (554,500), (545,505), (555,512), (560,521), (569,526)
1.mkv-76: (604,433), (614,448), (626,461)
1.mkv-79: (581,525), (579,535), (588,540), (594,548), (594,558), (585,567), (577,576), (564,580), (554,583), (560,591), (549,595), (537,596), (527,597), (520,605), (506,608), (490,609), (482,615), (471,615), (456,618), (446,619), (436,622), (422,625), (409,627), (397,629), (378,634), (361,637), (351,638), (341,640), (330,642), (316,645), (306,647), (296,650), (282,651), (264,652), (244,657), (220,659), (204,661), (185,662), (175,664), (160,666), (150,665), (139,665), (125,673), (110,675)
1.mkv-81: (532,378), (542,387), (558,400), (568,406)
1.mkv-83: (573,803)
1.mkv-84: (1796,1003), (1788,997), (1768,985), (1755,981), (1739,977)
1.mkv-87: (659,824)
1.mkv-88: (1750,980), (1740,977)
1.mkv-91: (75,828), (87,830), (97,830), (105,823), (117,821)
1.mkv-93: (126,830), (123,818), (135,817), (145,814), (157,817), (167,819), (182,813), (199,814), (213,814), (226,809), (236,808), (246,806), (259,805), (269,804), (279,804), (289,802), (297,794), (310,795), (321,795), (332,794), (346,793), (356,792), (368,792), (388,792), (406,791), (419,791), (431,790), (444,789), (457,788), (478,789), (491,789), (507,782), (517,776), (527,778), (553,705), (566,699), (579,699), (593,695), (687,799), (697,805), (708,807), (718,809), (737,810), (749,813), (761,817), (778,817), (788,824), (801,828), (811,832), (821,835), (835,839), (844,844), (856,850), (872,856), (885,860), (896,864), (905,869), (918,874), (932,883), (941,889), (951,891), (961,894), (976,903), (987,909), (998,915), (1007,920), (1019,925), (1032,931), (1042,937), (1052,943), (1067,950), (1091,955), (1107,960), (1128,967), (1143,972), (1153,976), (1165,981), (1181,991), (1197,997), (1208,1001), (1220,1010)
1.mkv-94: (609,792), (620,790), (631,792), (643,793), (653,794), (670,796), (681,797), (691,799), (708,802), (722,805), (733,808), (749,810), (760,812), (772,813), (783,815), (793,818), (807,820), (817,822), (833,826), (844,829), (855,834), (865,835), (882,841), (892,844), (904,845), (917,854), (933,861), (944,865), (964,871), (976,875), (985,880), (999,882), (1013,885), (1022,892), (1036,900), (1047,903), (1063,907), (1075,913), (1084,919), (1092,925), (1102,931), (1114,939), (1124,947), (1135,955), (1146,962), (1158,968), (1173,973), (1183,975), (1192,982), (1204,982), (1215,981), (1230,988), (1244,994), (1254,994), (1262,1000), (1272,1002)
1.mkv-98: (701,506), (709,512), (696,513), (686,511), (699,515), (709,515), (717,524), (721,538), (731,540), (740,545), (748,554), (758,556), (766,564), (771,573), (777,581), (785,587), (797,593), (806,599), (811,609), (820,614), (826,622), (839,627), (847,633), (855,639), (867,646), (873,658), (883,662), (891,669), (896,680), (903,688), (911,695), (923,699), (934,705), (946,714), (959,726), (967,735), (979,743), (988,756), (997,764), (1012,776), (1023,781), (1034,791), (1040,799), (1048,805), (1054,813), (1064,819), (1080,832), (1090,841), (1100,849), (1108,856), (1116,863), (1130,877), (1139,888), (1150,897), (1162,907), (1170,914), (1187,932), (1202,943), (1212,952), (1229,956), (1243,961), (1259,969), (1273,977), (1284,981), (1294,987), (1302,993), (1312,1001)
1.mkv-105: (82,764), (97,760)
1.mkv-106: (110,763), (101,757), (114,752), (129,748), (139,747), (151,749), (161,746), (186,744), (211,742), (233,740), (251,738), (269,737), (279,736), (304,733), (328,729), (347,727), (367,726), (389,725), (419,721), (431,720), (449,713), (470,711), (488,709), (716,688), (735,686), (757,686), (778,685), (788,684), (806,683), (837,681), (848,680), (858,679), (874,676), (886,674), (898,672), (924,668), (946,667), (958,665), (975,664), (992,662), (1014,660), (1030,660), (1050,659), (1068,657), (1083,655), (1106,653), (1124,651), (1139,650), (1154,648), (1168,646), (1189,646), (1208,644), (1223,643), (1238,642), (1250,641), (1273,640), (1290,639), (1304,638), (1316,639), (1330,638), (1353,635), (1370,633), (1389,633), (1403,631), (1414,631), (1435,629), (1451,628), (1467,627), (1480,626), (1495,623), (1517,622), (1533,622), (1546,621), (1558,619), (1572,618), (1591,619), (1607,618), (1620,615), (1634,614), (1648,612), (1807,603), (1819,597), (1829,596), (1842,594)
1.mkv-110: (612,455)
1.mkv-111: (1069,1018), (1079,1021)
1.mkv-114: (557,788), (572,789), (591,788), (601,792), (613,789), (630,794), (644,795), (656,800), (666,800), (678,800)
1.mkv-115: (83,826), (93,824)
1.mkv-118: (104,818), (115,814), (125,812), (137,810), (149,811), (162,812), (172,812), (182,811), (194,808), (217,807), (229,807), (242,805), (252,801), (263,799), (275,796), (288,796), (298,796), (309,793), (323,794), (333,793), (345,796), (357,795), (372,797), (382,797), (393,799), (404,798), (419,797), (433,798), (446,797), (456,793), (472,794), (483,794), (495,795), (506,793), (518,793), (529,793), (540,798), (550,795), (563,799), (577,798), (590,796), (604,796), (615,795), (634,799), (644,802), (659,801), (671,801), (682,799), (692,801), (702,808), (719,805), (730,803), (749,806), (760,809), (769,814), (781,817), (795,819), (809,823), (821,825), (840,827), (851,831), (863,835), (877,837), (888,842), (900,847), (910,851), (922,852), (940,856), (948,862), (958,866), (978,876), (987,881), (1000,882), (1008,888), (1019,892), (1032,896), (1043,899), (1057,906), (1073,912), (1086,917), (1096,923), (1110,931), (1131,940), (1143,946), (1155,954), (1166,956), (1178,959), (1187,964), (1198,965), (1213,966), (1225,968), (1235,973), (1244,978), (1255,983), (1266,987), (1277,991), (1288,999)
1.mkv-122: (183,740), (204,733), (237,724), (485,711), (500,712), (515,712), (525,711), (535,709), (561,707), (578,705), (740,686), (779,685), (1043,661), (1055,660), (1067,658), (1080,657), (1096,655), (1117,653), (1133,650), (1148,650), (1161,650), (1172,649)
1.mkv-123: (97,674), (86,673)
1.mkv-124: (281,725), (292,717), (304,717), (331,720), (343,722), (380,722), (394,722), (405,721), (416,719), (428,717), (446,717), (698,687), (721,687), (735,686), (758,685), (800,684), (816,683), (828,682), (844,680), (867,677), (882,675), (896,674), (911,672), (926,670), (948,667), (968,665), (979,664), (997,662), (1009,661), (1202,648), (1215,646), (1227,644), (1239,643), (1251,643), (1273,643), (1290,642), (1303,642), (1313,641), (1327,640), (1349,638), (1365,636), (1382,637), (1396,637), (1406,636), (1425,635), (1438,633), (1453,631), (1467,631), (1478,629), (1499,627), (1516,626), (1528,625), (1540,623), (1550,623), (1571,622), (1589,622), (1603,620), (1619,620), (1633,619), (1644,617)
1.mkv-125: (315,724), (325,718)
1.mkv-132: (1811,603), (1823,603), (1834,601), (1845,598)
1.mkv-136: (709,517)
1.mkv-140: (775,355)
1.mkv-153: (71,720), (83,721), (93,719), (103,717), (115,714), (125,715), (134,710), (143,715), (151,709), (160,714), (146,712)
1.mkv-155: (86,832), (98,827), (109,825), (123,821), (133,818), (145,816), (157,819), (168,821), (178,819), (193,815), (205,814), (218,811), (230,810), (248,809), (259,809), (270,807), (282,807), (292,806), (302,805), (313,803), (324,801), (336,801), (346,799), (357,799), (367,797), (379,796), (392,796), (402,797), (413,797), (428,794), (439,794), (450,794), (462,793), (477,791), (487,792), (497,793), (510,789), (522,788), (532,788), (544,790), (557,788), (567,788), (583,788), (595,788), (606,788), (617,787), (629,788), (639,789), (655,790), (667,792), (679,792), (692,791), (704,792), (715,794), (728,796), (749,797), (762,800), (774,806), (785,808), (797,812), (807,815), (828,819), (843,823), (858,827), (869,832), (879,836), (891,841), (901,843), (912,850), (925,855), (934,861), (945,865), (960,870), (974,877), (984,880), (997,887), (1007,894), (1016,900), (1028,908), (1041,915), (1056,922), (1066,928), (1079,936), (1093,947), (1104,954), (1115,960), (1138,968), (1152,971), (1164,976), (1177,984), (1187,987), (1197,991), (1205,998), (1214,1004), (1225,1011)
1.mkv-157: (96,829)
1.mkv-166: (126,714), (142,717)
1.mkv-169: (77,769), (87,768), (99,768), (111,770), (121,768), (129,761), (135,753), (142,761), (149,749), (152,739)
1.mkv-172: (168,707)
1.mkv-173: (145,774)
1.mkv-177: (751,576)
1.mkv-182: (712,529), (710,518)
1.mkv-186: (145,770)
1.mkv-190: (749,562), (755,571), (763,578), (782,586), (790,598), (797,606), (807,612), (826,639), (907,721), (917,727), (929,712)
1.mkv-194: (810,621), (833,653), (839,644), (849,650), (857,658), (884,680), (891,690), (902,701), (916,714), (934,729), (944,732), (1087,859), (1101,869), (1124,892), (1133,901), (1142,911), (1151,918), (1162,927)
1.mkv-201: (886,676), (966,742), (957,748), (965,757), (972,766), (980,772), (988,778), (994,788), (1004,793), (1029,807), (1038,815), (1053,827), (1061,837), (1070,848), (1082,857), (1091,863), (1100,870), (1153,918), (1162,927), (1194,945), (1205,949), (1217,953), (1231,956), (1226,967), (1237,970), (1250,975), (1275,980), (1292,985), (1305,993), (1316,1000)
1.mkv-202: (148,770), (141,778), (145,768), (153,762), (162,755)
1.mkv-204: (1769,1017), (1760,1009), (1751,1003), (1738,997), (1727,991), (1716,986), (1702,980), (1691,977), (1681,972), (1669,971), (1653,967), (1640,961), (1626,957), (1615,952), (1601,947), (1592,939), (1581,932), (1571,925), (1560,919), (1546,909), (1532,902), (1521,896), (1511,890), (1501,881), (1491,876), (1480,869), (1471,862), (1460,857), (1448,848), (1438,839), (1428,836), (1418,828), (1408,823), (1399,816), (1390,811), (1381,804), (1372,798), (1363,793), (1355,787), (1344,780), (1335,775), (1322,768), (1312,760), (1301,753), (1291,748), (1279,740), (1268,733), (1260,727), (1251,722), (1241,717), (1224,710), (1218,702), (1208,697), (1200,691), (1188,687), (1175,682), (1162,678), (1152,669), (1145,658), (1133,653), (1124,643), (1112,638), (1101,636), (1093,630), (1082,625), (1070,617)
1.mkv-217: (1764,1014), (1756,1006), (1747,1000), (1737,997), (1727,993), (1716,989), (1701,985), (1689,981), (1678,975), (1673,966), (1663,962), (1635,954), (1619,951), (1603,946), (1591,940), (1576,928), (1563,919), (1480,869), (1469,861), (1460,853), (1432,836), (1418,828), (1403,821), (1327,768), (1246,719), (1174,680), (1169,669)
1.mkv-220: (1605,947), (1590,939), (1577,929), (1568,923), (1555,915), (1538,906), (1527,897), (1517,893), (1506,886), (1497,881), (1486,873), (1469,861), (1460,852), (1449,846), (1439,840), (1421,832), (1409,822), (1398,815), (1385,809), (1352,784), (1367,796), (1343,784), (1333,779), (1327,771), (1316,763), (1307,757), (1296,753), (1286,744), (1258,740), (1248,739), (1239,725), (1230,716), (1221,707), (1211,702), (1203,690), (1193,684), (1178,682), (1168,677), (1157,672), (1147,671), (1158,671), (1118,646), (1128,644), (1116,639), (1103,630), (1093,627), (1077,618)
1.mkv-227: (142,781)
1.mkv-228: (75,814), (83,808), (84,798), (90,790), (96,798), (103,790), (114,791)
1.mkv-229: (1724,1010), (1713,1003), (1704,998), (1694,992), (1683,989), (1666,985), (1655,982), (1643,979), (1633,975), (1618,969), (1607,966), (1597,964), (1584,958), (1574,956), (1564,951), (1555,946), (1535,937), (1527,926), (1514,914), (1505,907), (1495,902), (1485,897), (1477,891), (1466,885), (1458,877), (1448,872), (1438,866), (1429,861), (1420,855), (1412,849), (1405,841), (1396,833), (1385,828), (1375,821), (1363,815), (1348,807), (1338,800), (1330,791), (1319,785), (1309,780), (1299,773), (1290,768), (1282,762), (1263,754), (1255,744), (1247,737), (1238,731), (1226,729), (1216,724), (1204,718), (1192,709), (1191,699), (1182,694), (1162,686), (1152,683), (1139,679), (1131,671), (1122,663), (1113,653), (1098,647), (1088,641), (1077,635), (1064,626), (1052,620), (990,573), (980,571), (966,563), (957,557), (946,551), (937,545), (928,538), (918,533), (909,528), (898,522), (889,517), (883,508), (872,505), (864,499), (855,492), (846,487), (838,481), (828,477), (819,472), (811,465), (802,460), (793,454), (782,448), (774,440), (765,435), (756,430), (748,423), (740,416), (731,411), (719,406), (711,399), (702,394), (693,388), (684,383), (676,376), (667,369), (646,357), (633,349), (625,342), (681,381)
1.mkv-234: (175,730), (172,740)
1.mkv-236: (1269,731), (1258,726), (1256,737), (1271,739), (1263,731), (1175,675), (1151,664), (1121,639), (1103,634), (1096,625), (1078,615), (1067,605), (977,559)
1.mkv-237: (113,792)
1.mkv-239: (990,567), (978,562), (969,557), (958,550), (945,542), (937,535), (903,509), (870,490), (822,457), (800,445)
1.mkv-240: (974,557)
1.mkv-242: (968,557), (918,529), (909,524), (901,517), (891,506), (881,503), (871,499), (861,490), (852,484), (842,480), (833,473), (824,468), (815,462), (806,457), (797,451), (787,444), (779,438), (769,432), (759,425), (748,418), (740,412), (731,407), (722,402), (713,396), (705,390), (696,385), (685,380), (677,374), (669,367), (659,364), (649,359), (641,352), (631,347), (623,340), (607,328)
1.mkv-245: (210,702), (221,701)
1.mkv-249: (599,285)
1.mkv-251: (780,354), (770,353)
1.mkv-250: (977,557), (968,552), (979,559)
1.mkv-254: (1721,996), (1713,990), (1703,986), (1691,982), (1677,978), (1666,975), (1653,971), (1640,968)
1.mkv-255: (956,542), (941,538), (941,528), (924,523), (912,518), (906,510), (896,501), (885,494), (876,486), (863,482), (853,476), (843,467), (834,462), (810,453), (802,446), (794,439), (783,434), (775,428), (769,420), (758,416), (748,414), (737,409), (728,401), (720,394), (708,387), (699,382), (690,377), (681,371), (673,364), (664,359), (651,355), (643,349), (635,343), (626,338), (617,333), (609,324), (600,319), (592,313), (577,311), (568,301), (558,293), (547,288)
1.mkv-257: (935,524), (894,500), (906,504), (873,502), (885,501), (874,484), (822,458), (801,443)
1.mkv-260: (1621,962), (1609,958), (1597,953), (1585,949), (1574,943), (1557,932), (1542,923), (1532,916), (1522,908), (1514,902), (1503,895), (1490,887), (1480,881), (1465,872), (1451,863), (1439,857), (1430,850), (1424,841), (1414,837), (1402,831), (1393,825), (1380,815), (1370,809), (1357,800), (1348,792), (1332,784), (1323,777), (1312,769), (1303,764), (1288,754), (1278,749), (1265,745), (1244,732), (1232,726), (1223,719), (1206,711), (1202,700), (1192,696), (1178,692), (1163,681), (1153,679), (1140,670), (1132,664), (1120,657), (1114,649), (1106,643), (1095,639), (1086,633), (1075,627), (1066,622), (1056,619), (1048,612), (1038,609), (990,570), (980,565), (969,559), (959,551), (951,545), (941,541), (933,535), (923,530), (913,526), (905,519), (892,513), (887,504), (874,500), (865,495), (857,487), (847,483), (839,475), (828,470), (818,466), (810,460), (801,455), (757,427), (740,410), (862,497)
1.mkv-264: (218,804)
1.mkv-269: (872,493), (864,485)
1.mkv-277: (794,438)
1.mkv-281: (1714,997), (1703,992), (1681,987), (1670,984), (1658,980), (1648,978), (1636,975), (1621,969), (1605,965), (1593,959), (1582,953), (1570,944), (1554,933), (1540,925), (1531,918), (1519,910), (1509,905), (1493,895), (1483,887), (1473,880), (1462,873), (1452,869), (1440,861), (1429,855), (1420,849), (1408,843), (1402,834), (1391,825), (1382,820), (1364,813), (1354,806), (1346,800), (1338,794), (1328,788), (1313,778), (1304,770), (1295,765), (1281,759), (1270,749), (1258,744), (1248,734), (1235,728), (1224,720), (1216,712), (1202,704), (1192,699), (1181,691), (1169,686), (1158,677), (1140,671), (1136,661), (1126,656), (1114,647), (1101,643), (1091,638), (1082,629), (1071,625), (1061,620), (1052,612)
1.mkv-290: (973,562), (907,515), (888,505), (870,504), (849,487), (833,467), (824,461), (799,450), (789,446), (780,441), (772,435), (763,429), (754,423), (745,417), (735,413), (726,407), (717,401), (709,395), (701,389), (691,386), (681,378), (673,372), (655,362), (646,356), (637,350), (602,286)
1.mkv-296: (573,311), (562,303), (548,296), (511,279), (492,271), (477,260)
1.mkv-298: (127,720), (135,728), (146,733)
1.mkv-300: (1817,981), (1810,973), (1799,971), (1790,964), (1780,960), (1771,953), (1763,947), (1756,933), (1751,924), (1744,916), (1736,905), (1725,897), (1713,889), (1700,882), (1688,876), (1676,869), (1661,860), (1648,853), (1639,848), (1627,838), (1618,832), (1610,825), (1597,817), (1591,809), (1582,804), (1572,797), (1563,789), (1557,780), (1549,774), (1541,766), (1537,755), (1531,746), (1528,734), (1527,722), (1528,710), (1520,703), (1530,701), (1533,691), (1538,681), (1547,676), (1555,670), (1565,665), (1574,660), (1583,654), (1594,652), (1604,648), (1614,642), (1626,641), (1635,636), (1645,634), (1656,628), (1807,619), (1815,604)
1.mkv-304: (146,770)
1.mkv-305: (1699,1005), (1686,999), (1668,992), (1655,985), (1645,982), (1633,978), (1621,972), (1593,963), (1583,959), (1562,945), (1546,935), (1533,929), (1515,913), (1500,902), (1485,893), (1473,886), (1461,878), (1443,867), (1429,858), (1413,850), (1403,842), (1396,828), (1379,819), (1367,816), (1356,810), (1342,801), (1328,789), (1316,781), (1306,774), (1297,769), (1289,763), (1275,757), (1264,751), (1255,745), (1245,736), (1233,728), (1221,722), (1210,713), (1194,702), (1185,695), (1172,688), (1156,679), (1147,674), (1138,669), (1131,661), (1121,654), (1111,646), (1099,640), (1090,635), (1080,628), (1069,623), (1058,614), (1046,607), (955,549), (942,541), (931,533), (922,528), (910,524), (904,516), (896,509), (886,505), (877,498), (867,494), (859,485), (851,479), (841,471), (831,466), (823,460), (812,457), (803,452), (795,446), (782,438), (772,435), (765,427), (755,424), (747,417), (736,411), (728,404), (720,398), (709,394), (699,388), (691,382), (683,375), (675,369), (666,364), (655,361), (646,355), (638,349), (626,344), (616,339), (599,330), (590,325), (579,321), (550,307), (542,300), (532,296), (520,293), (512,287), (502,284), (491,281), (479,273), (459,260)
1.mkv-307: (981,572), (974,564), (965,558), (957,551), (944,546), (937,538), (924,534), (914,527), (904,524), (896,514), (884,508), (873,503), (865,495), (856,490), (847,484), (833,479), (825,472), (793,453), (783,445), (774,440), (764,431), (754,426), (746,420), (736,416), (727,411), (718,404), (709,399), (700,394), (692,387), (684,381), (676,374), (664,367), (654,363), (645,358), (636,350), (625,344), (609,333), (600,328), (586,320), (577,314), (567,308), (559,301), (552,293)
1.mkv-322: (829,466), (820,461), (806,456)
1.mkv-323: (171,722)
1.mkv-325: (1820,982), (1810,976), (1800,971), (1789,965), (1781,958), (1771,947), (1764,939), (1759,929), (1751,916), (1738,906), (1722,897), (1711,892), (1695,883), (1683,877), (1674,870), (1665,863), (1655,857), (1643,852), (1630,843), (1622,837), (1614,831), (1605,825), (1595,816), (1583,806), (1565,789), (1557,780), (1549,768)
1.mkv-326: (148,773)
1.mkv-328: (997,578), (989,572), (981,564), (974,556), (961,555)
1.mkv-335: (1180,936)
1.mkv-336: (169,723), (159,723), (153,732), (158,723), (202,802), (196,810), (205,815), (216,809), (229,806), (250,807), (234,810), (222,811), (211,813), (225,814), (296,794), (306,792), (297,798), (315,794), (333,793), (343,793), (354,793), (380,790), (405,787), (415,787), (407,794)
1.mkv-339: (498,276), (489,271), (479,268)
1.mkv-343: (724,406)
1.mkv-344: (597,324)
1.mkv-345: (95,823), (106,821), (117,824), (127,823), (116,821), (128,818), (139,815), (127,816), (142,815), (153,811), (163,809), (172,804), (184,804), (170,816), (160,825), (219,811), (233,809), (267,805), (279,803), (294,801), (259,802), (247,802), (270,803), (289,794), (297,813), (309,813)
1.mkv-352: (1818,607), (1829,604), (1839,600)
1.mkv-355: (1525,726), (1524,715), (1519,706), (1525,697), (1532,688), (1542,677), (1552,671), (1561,666), (1571,662), (1581,657), (1591,653), (1605,648), (1618,644), (1628,642), (1640,638), (1650,636), (1662,627), (1810,621), (1815,612), (1824,607), (1836,604)
1.mkv-356: (1813,977), (1802,976), (1789,968), (1778,962), (1769,955), (1763,947), (1756,934), (1750,926), (1739,913), (1726,905), (1713,896), (1699,888), (1688,883), (1675,872), (1666,865), (1656,859), (1640,852), (1630,847), (1618,837), (1608,831), (1597,823), (1586,815), (1577,808), (1569,802), (1561,796), (1553,789), (1545,781), (1539,772), (1529,766), (1527,756), (1525,746), (1522,736), (1523,725), (1523,715), (1527,705), (1527,695), (1532,686), (1542,681), (1551,674), (1562,668), (1572,663), (1583,662), (1593,656), (1604,652), (1614,649), (1626,645), (1638,642), (1649,636), (1808,620), (1818,616), (1826,606), (1836,604)
1.mkv-361: (127,734)
1.mkv-366: (602,286), (542,287), (533,282), (513,272)
1.mkv-373: (1513,708)
1.mkv-379: (443,789), (414,795), (404,797), (452,788), (473,785), (484,784), (499,785), (509,785)
1.mkv-384: (653,797), (670,797), (682,799), (701,798), (711,798), (721,801), (739,807), (781,809), (795,808), (819,823), (809,826), (842,832), (855,834), (869,837), (881,848), (899,855), (909,857), (943,881), (929,882), (937,895), (956,905), (967,908), (957,912), (945,911), (943,921), (951,927), (959,934), (974,935), (987,940), (997,943), (1048,962), (1073,977), (1082,982), (1092,989), (1102,995)
1.mkv-388: (771,354)
1.mkv-396: (600,282)
1.mkv-397: (78,825), (87,830), (99,833), (104,824), (114,819), (124,816), (135,811), (145,811), (158,815), (167,821), (177,820), (186,815), (198,817), (210,814), (220,811), (231,807)
1.mkv-398: (825,841), (852,855), (862,859), (872,864), (883,868), (919,888), (1008,947), (1032,961), (1048,967)
1.mkv-399: (156,724)
1.mkv-401: (145,764), (156,729)
1.mkv-403: (961,932)
1.mkv-404: (1118,1003)
1.mkv-405: (1821,994), (1813,980), (1803,980), (1793,974), (1784,969), (1776,963), (1768,953), (1762,945), (1753,933), (1747,922), (1735,914), (1726,909), (1716,906), (1704,899)
2.mkv-406: (1222,721), (1209,713), (1197,707), (1189,701), (1177,692), (1163,684), (1153,678), (1145,672), (1136,667), (1121,656), (1112,650), (1103,644), (1091,637), (1081,631), (1071,625), (1061,619), (1046,610), (1033,602), (1020,591), (1001,578), (992,572), (981,566), (970,559), (958,554), (947,548), (938,543), (931,535), (919,528), (908,523), (898,515), (887,508), (874,500), (865,495), (857,487), (848,480), (837,474), (827,468), (814,462), (805,455), (790,447), (779,441), (770,436), (762,430), (752,425), (744,419), (733,415), (724,410), (716,404), (706,396), (697,390), (685,380), (676,374), (667,369), (656,364), (646,358), (622,344), (613,339), (602,330), (593,324), (583,320), (556,302)
2.mkv-407: (724,406), (716,400), (706,393), (698,387), (688,381), (677,374), (668,369), (657,364), (648,357), (639,351), (628,346), (620,339), (609,333), (600,327), (592,320), (582,316), (572,313), (564,304), (558,296), (476,244), (466,237), (457,232), (447,225), (437,220)
2.mkv-408: (1833,517), (1823,514), (1812,516)
2.mkv-409: (544,388), (551,396), (560,405), (569,411), (579,416), (585,427), (593,434), (601,440), (609,449), (618,459), (625,468), (634,473), (695,518), (707,526), (717,533), (724,547), (732,553), (738,561), (748,566), (754,574), (766,584), (778,593), (789,601), (796,609), (806,617), (822,630), (832,638), (840,644), (850,654), (861,664), (870,671), (879,679), (889,686), (905,703), (915,711), (925,717), (934,726), (943,733), (954,744), (964,753), (975,762), (984,770), (994,779), (1010,792), (1021,804), (1032,814), (1042,823), (1051,832), (1068,849), (1081,861), (1093,872), (1105,883), (1115,894), (1139,914), (1148,920), (1156,928)
2.mkv-411: (1664,578), (1654,580), (1644,583), (1634,582), (1622,583), (1612,585), (1602,585), (1592,585), (1580,586), (1570,586), (1560,586), (1550,588), (1540,589), (1529,590), (1519,591), (1509,591), (1499,592), (1488,592), (1477,592), (1466,593), (1456,595), (1446,595), (1436,595), (1426,596), (1416,597), (1405,598), (1395,597), (1385,599), (1375,600), (1365,600), (1355,601), (1344,603), (1332,602), (1322,604), (1278,603), (1265,606), (1252,610)
2.mkv-412: (135,754), (146,752), (161,759), (172,758), (182,758), (197,753), (210,749), (231,748), (255,745), (285,744), (305,741), (315,740), (370,734), (406,733), (423,729), (438,725), (453,724), (467,721), (477,721), (487,721), (497,719)
2.mkv-413: (700,327)
2.mkv-415: (482,796), (492,795), (502,796), (512,794), (522,794), (533,793), (543,793), (553,794), (573,794), (583,793), (593,793), (605,794), (616,793), (630,796), (640,797), (650,795), (667,797), (677,801), (733,806), (755,807), (738,807), (727,806), (742,807), (753,807), (764,809), (774,813), (786,816), (796,821), (807,823), (818,826), (832,827), (845,832), (857,836), (867,840), (880,844), (897,849), (907,853), (919,859), (929,861), (941,865), (952,869), (965,876), (974,881), (990,888), (1000,892), (1013,898), (1024,903), (1033,908), (1042,915), (1057,923), (1070,929), (1080,935), (1094,946), (1104,950), (1116,956), (1126,960), (1136,963), (1146,967), (1157,970), (1170,972), (1177,980), (1201,986), (1219,992), (1230,1001), (1242,1005), (1251,1011), (1263,1017), (1273,1022)
2.mkv-410: (1119,860), (1200,927), (1220,937), (1243,949), (1254,961), (1276,971), (1296,979), (1314,984), (1326,990), (1337,995)
2.mkv-417: (1119,859), (1135,873), (1150,885), (1166,897), (1179,906), (1191,916)
2.mkv-420: (584,318), (576,311), (567,304), (558,298)
2.mkv-421: (1793,518)
2.mkv-424: (700,327)
2.mkv-425: (679,491)
2.mkv-434: (1748,1006), (1737,998), (1727,994), (1713,988), (1703,985), (1692,981), (1675,976), (1665,974), (1654,972), (1644,969), (1632,966), (1622,962), (1612,959), (1603,954), (1592,947), (1582,942), (1566,930), (1557,925), (1548,920), (1539,915), (1531,908)
2.mkv-437: (1488,537), (1478,538), (1468,540), (1458,540), (1448,544)
2.mkv-440: (531,284)
2.mkv-441: (1467,539), (1457,540), (1447,541), (1437,539), (1428,544), (1416,547), (1405,544), (1393,542), (1382,542), (1371,541), (1361,539), (1351,541), (1340,540), (1330,543), (1318,544), (1305,544), (1294,546), (1283,547), (1273,550), (1262,548), (1251,545), (1224,541), (1213,541), (1197,547)
2.mkv-443: (1277,1000), (1292,1008)
2.mkv-444: (523,275), (515,267), (497,259), (476,247), (466,243), (460,235)
2.mkv-449: (633,353)
2.mkv-451: (701,327)
2.mkv-453: (1558,568), (1568,570), (1558,568), (1549,563)
2.mkv-456: (147,752), (158,757), (175,756), (203,752), (227,749), (249,747), (261,746), (274,746), (284,745), (294,742), (318,741), (331,739), (344,737), (372,734), (384,733), (398,732), (412,730), (438,725), (496,718), (507,718), (521,718), (532,716), (543,714), (554,713), (564,715)
2.mkv-457: (417,207)
2.mkv-458: (491,267), (481,263), (471,257), (462,252), (441,247), (433,241), (421,237), (411,233)
2.mkv-464: (1473,570), (1454,572), (1423,575), (1409,578)
2.mkv-467: (1461,578), (1449,577), (1437,570)
2.mkv-469: (1233,549), (1222,546)
2.mkv-471: (1150,546), (1140,546), (1102,542), (1020,518)
2.mkv-474: (524,247)
2.mkv-476: (1848,568), (1838,568), (1828,567), (1818,566)
2.mkv-477: (1074,529), (1063,528), (1053,525), (1043,525), (1033,525), (1004,518), (987,513), (978,507), (967,506), (957,504), (946,504), (936,500), (925,498), (915,494), (905,489), (896,484), (885,480), (872,476), (862,473), (852,467), (842,462), (829,457), (820,452), (811,447), (802,442), (792,437), (783,432), (773,428), (764,422), (756,416), (745,411), (737,405), (727,401), (719,395), (710,389), (701,384), (692,377), (682,371), (674,365), (665,359), (655,358), (647,351), (637,346), (628,338), (618,332), (608,325), (600,318), (581,311), (573,305), (556,290)
2.mkv-482: (1029,523), (1015,520)
2.mkv-483: (390,190)
2.mkv-488: (753,688), (763,688), (775,688), (788,686), (805,685), (821,683), (833,682), (848,681), (859,681), (875,678), (887,677), (899,675), (909,678), (927,675), (942,674), (952,674), (972,672), (983,668), (997,666), (1008,667), (1021,669), (1041,664), (1051,662), (1062,661), (1082,659), (1096,658), (1107,657), (1117,656), (1129,655), (1149,654), (1159,653), (1173,651), (1189,651), (1205,651), (1215,649), (1226,649), (1238,649), (1251,651), (1269,635), (1279,626), (1293,626), (1303,630), (1247,613), (1237,613), (1227,615), (1217,617), (1205,618), (1194,620), (1185,625), (1175,628), (1163,634), (1153,636), (1142,637), (1132,645), (1124,651), (1112,657), (1104,663), (1096,671), (1088,677), (1081,688), (1078,700), (1076,711), (1073,721), (1081,731), (1083,742), (1087,752), (1093,765), (1098,774), (1100,784), (1105,795), (1111,803), (1120,813), (1128,827), (1135,836), (1141,847), (1147,855), (1155,866), (1163,875), (1174,887), (1183,896), (1195,907), (1205,916), (1213,922), (1222,931), (1230,939), (1253,955), (1263,961), (1273,966), (1290,974), (1300,981), (1309,986), (1320,992), (1338,1000), (1348,1007), (1356,1014)
2.mkv-491: (902,484)
2.mkv-493: (1776,568), (1766,570), (1754,571), (1744,572), (1734,573), (1724,574), (1714,574), (1701,574), (1691,574), (1681,575), (1671,577), (1660,578), (1649,577), (1639,578), (1620,580)
2.mkv-495: (699,324)
2.mkv-501: (599,647)
2.mkv-503: (323,192)
2.mkv-506: (1312,646), (1335,644), (1328,634), (1338,635), (1354,636), (1375,637), (1386,635), (1401,634), (1415,635), (1429,635), (1442,634), (1453,634), (1463,633), (1473,632), (1486,631), (1496,629), (1512,628), (1522,627), (1532,628), (1543,629), (1555,628), (1574,625), (1596,612), (1608,609), (1608,581), (1598,582), (1586,584), (1575,583), (1563,583), (1552,584), (1538,584), (1528,585), (1518,588), (1508,587), (1498,588), (1487,588), (1473,589), (1463,590), (1452,592), (1442,592), (1432,591), (1422,592), (1412,592), (1399,594), (1388,593), (1378,595), (1368,594), (1358,596), (1348,597), (1337,597), (1325,598), (1315,599), (1305,599), (1294,600), (1283,600), (1270,600), (1259,601), (1231,605), (1221,607), (1210,611), (1200,613), (1188,614), (1178,614), (1167,615), (1156,618), (1146,619), (1137,624), (1127,625), (1117,628), (1107,631), (1093,635), (1082,638), (1069,644), (1059,650), (1047,653), (1037,658), (1026,664), (1018,671), (1008,677), (998,687), (991,695), (981,703), (974,716), (971,726), (968,737), (968,747), (965,757), (968,768), (977,780), (979,791), (979,801), (984,811), (986,821), (991,833), (997,848), (1004,860)
2.mkv-507: (503,649)
2.mkv-508: (553,250)
2.mkv-510: (498,652), (462,654), (450,655), (435,656), (375,662), (294,667), (237,670)
2.mkv-511: (555,649), (230,676), (212,676), (131,683), (120,687)
2.mkv-512: (427,657), (439,657), (406,660)
2.mkv-489: (343,654), (329,665)
2.mkv-515: (1619,601)
2.mkv-517: (162,681), (151,681), (140,684)
2.mkv-519: (103,654)
2.mkv-525: (554,250)
2.mkv-526: (1809,604), (1820,602), (1830,604)
2.mkv-527: (89,768), (99,765), (111,761), (124,757), (133,752), (144,749), (154,749), (184,750), (207,744), (496,715), (508,715), (521,714), (545,711), (558,709), (695,715), (738,698), (753,691), (763,687), (773,686)
2.mkv-528: (179,749), (232,743), (266,742), (276,741), (289,740), (306,739), (344,734)
2.mkv-529: (373,233), (378,242), (388,247), (395,255), (404,265), (412,272), (420,278), (423,289), (442,313), (443,323), (442,333)
2.mkv-530: (269,741), (290,740), (306,739), (345,733), (371,730), (383,729), (394,728), (412,726), (427,725), (444,722), (469,719), (487,717), (776,688), (791,686), (806,686), (822,684), (836,682), (864,681), (884,679), (898,678), (912,675), (928,673), (954,670), (972,669), (986,667), (1001,667), (1016,665), (1040,663), (1057,662), (1073,660), (1088,659), (1102,657), (1126,654), (1144,654), (1158,653), (1171,652), (1185,652), (1207,649), (1224,648), (1237,645), (1252,645), (1263,639), (1280,639), (1299,641), (1318,642), (1331,644), (1344,642), (1365,638), (1381,637), (1395,637), (1410,636), (1422,636), (1445,635), (1458,633), (1474,631), (1488,630), (1500,629), (1522,627), (1537,627), (1554,625), (1569,626), (1580,625), (1597,624), (1611,622), (1627,618), (1638,619), (1649,617), (1662,615), (1699,614), (1710,613), (1725,615), (1744,613), (1762,610), (1782,609)
2.mkv-531: (699,324)
2.mkv-536: (524,244)
2.mkv-540: (521,258)
2.mkv-541: (1672,607)
2.mkv-542: (1805,610)
2.mkv-543: (1834,604), (1845,602)
2.mkv-550: (458,347)
2.mkv-554: (471,238), (461,235)
2.mkv-555: (463,363)
2.mkv-556: (1016,880), (1018,891), (1026,906), (1035,917), (1040,926), (1044,936), (1054,947), (1065,956), (1074,961), (1082,969), (1095,978), (1103,984), (1115,991), (1127,1001)
2.mkv-558: (700,325)
