Traj: (737, 527), (730, 519), (723, 511), (708, 495), (693, 480), (679, 464), (665, 449), (653, 432), (647, 414), (646, 396), (653, 379), (666, 365), (685, 353), (706, 345), (717, 341), (728, 338)
Traj: (681, 540), (672, 534), (664, 528), (646, 514), (628, 501), (611, 488), (593, 474), (576, 460), (561, 445), (545, 430), (531, 415), (516, 400), (500, 385), (484, 372), (467, 358), (450, 345), (433, 332), (417, 319), (400, 305), (385, 291), (370, 276), (354, 262), (338, 248), (321, 236), (305, 223), (288, 211), (272, 198), (264, 191), (257, 183)
Traj: (650, 317), (639, 317), (629, 317), (607, 319), (586, 320), (565, 323), (544, 325), (523, 330), (503, 335), (483, 341), (463, 349), (445, 359), (429, 372), (416, 387), (407, 405), (403, 425), (402, 445), (406, 465), (413, 484), (425, 502), (430, 511), (437, 519)
Traj: (49, 462), (60, 461), (70, 460), (92, 457), (113, 453), (135, 450), (156, 446), (177, 444), (198, 442), (219, 441), (240, 440), (261, 442), (282, 445), (302, 450), (322, 457), (341, 466), (359, 477), (376, 489), (393, 503), (408, 517), (416, 525), (424, 533)
Traj: (199, 208), (203, 217), (208, 227), (217, 246), (225, 265), (230, 284), (229, 302), (224, 318), (212, 332), (196, 343), (176, 351), (155, 359), (134, 365), (112, 370), (90, 374), (80, 376), (69, 377)
Traj: (230, 219), (236, 228), (242, 236), (255, 253), (269, 269), (284, 285), (299, 300), (315, 315), (330, 330), (345, 346), (359, 362), (374, 379), (389, 395), (403, 411), (419, 426), (434, 442), (450, 458), (465, 474), (479, 491), (486, 499), (492, 508)
Traj: (62, 418), (72, 416), (83, 415), (104, 411), (125, 408), (147, 405), (169, 402), (191, 398), (213, 395), (235, 391), (256, 388), (278, 384), (299, 381), (320, 379), (341, 376), (362, 374), (383, 372), (404, 370), (425, 367), (447, 364), (470, 361), (492, 357), (513, 352), (534, 347), (555, 343), (576, 340), (597, 337), (619, 336), (640, 334), (650, 334), (661, 333)
Traj: (603, 304), (592, 306), (581, 308), (559, 312), (538, 313), (518, 311), (497, 307), (477, 303), (457, 297), (436, 291), (416, 286), (396, 279), (376, 272), (357, 263), (340, 252), (323, 240), (307, 226), (292, 211), (284, 204), (276, 196)
Traj: (647, 314), (636, 314), (624, 314), (603, 316), (581, 318), (559, 321), (538, 326), (518, 333), (499, 342), (482, 353), (470, 367), (462, 384), (458, 402), (459, 421), (465, 440), (474, 459), (485, 477), (490, 486), (496, 495)
Traj: (618, 295), (607, 298), (596, 300), (575, 304), (554, 309), (532, 312), (510, 314), (489, 317), (467, 319), (445, 322), (423, 325), (403, 327), (382, 329), (362, 332), (341, 334), (321, 337), (300, 340), (279, 343), (258, 346), (236, 349), (215, 351), (193, 353), (182, 354), (171, 355)
