Traj: (1665, 1005), (1642, 991), (1619, 976), (1573, 948), (1528, 919), (1482, 891), (1437, 862), (1391, 834), (1345, 806), (1300, 777), (1254, 749), (1209, 720), (1163, 692), (1117, 663), (1072, 635), (1026, 607), (981, 578), (935, 550), (889, 521), (844, 493), (798, 464), (753, 436), (707, 408), (661, 379), (616, 351), (570, 322), (525, 294), (479, 265), (433, 237), (411, 223), (388, 209)
Traj: (329, 226), (345, 240), (362, 255), (395, 283), (428, 312), (462, 341), (495, 370), (528, 398), (562, 427), (595, 456), (628, 485), (661, 513), (695, 542), (728, 571), (761, 600), (795, 629), (828, 657), (861, 686), (895, 715), (928, 744), (961, 772), (994, 801), (1028, 830), (1061, 859), (1094, 887), (1128, 916), (1161, 945), (1194, 974), (1228, 1003), (1244, 1017), (1261, 1032)
Traj: (97, 777), (127, 774), (158, 772), (218, 766), (279, 761), (340, 756), (400, 751), (461, 745), (522, 740), (583, 735), (643, 730), (704, 724), (765, 719), (826, 714), (886, 709), (947, 704), (1008, 698), (1069, 693), (1129, 688), (1190, 683), (1251, 677), (1311, 672), (1372, 667), (1433, 662), (1494, 656), (1554, 651), (1615, 646), (1676, 641), (1737, 636), (1767, 633), (1798, 631)
Traj: (1820, 558), (1788, 560), (1757, 563), (1694, 568), (1632, 573), (1569, 578), (1506, 583), (1444, 588), (1381, 593), (1318, 598), (1256, 603), (1193, 608), (1131, 613), (1068, 618), (1005, 623), (943, 628), (880, 633), (817, 638), (755, 643), (692, 648), (629, 653), (567, 658), (504, 663), (442, 668), (379, 673), (316, 678), (254, 683), (191, 688), (128, 693), (97, 695), (66, 698)
Traj: (1718, 549), (1706, 550), (1693, 551), (1669, 553), (1647, 554), (1624, 557), (1602, 558), (1582, 560), (1560, 562), (1536, 564), (1512, 564), (1487, 565), (1462, 565), (1437, 565), (1412, 565), (1387, 565), (1362, 565), (1337, 566), (1312, 566), (1287, 566), (1265, 566), (1241, 566), (1218, 566), (1194, 566), (1171, 566), (1147, 565), (1123, 563), (1101, 561), (1078, 558), (1056, 554), (1033, 550), (1011, 546), (988, 542), (966, 538), (944, 534), (922, 529), (901, 523), (881, 517), (861, 509), (843, 499), (824, 487), (805, 476), (786, 465), (777, 459), (767, 454)
Traj: (1854, 576), (1842, 577), (1831, 577), (1808, 579), (1786, 580), (1763, 581), (1740, 582), (1718, 583), (1694, 584), (1669, 586), (1643, 588), (1617, 590), (1590, 593), (1565, 596), (1542, 599), (1520, 603), (1498, 606), (1475, 609), (1453, 613), (1431, 616), (1409, 618), (1386, 620), (1363, 622), (1338, 624), (1314, 625), (1291, 627), (1268, 629), (1246, 633), (1225, 637), (1204, 642), (1183, 648), (1162, 655), (1143, 663), (1126, 674), (1109, 687), (1095, 702), (1085, 719), (1077, 738), (1072, 757), (1072, 777), (1076, 798), (1083, 818), (1093, 838), (1106, 857), (1119, 876), (1132, 895), (1145, 914), (1158, 932), (1171, 951), (1184, 969), (1199, 986), (1214, 1003), (1230, 1019), (1247, 1034), (1255, 1042), (1264, 1049)
Traj: (1484, 1032), (1475, 1023), (1465, 1016), (1447, 1000), (1428, 987), (1409, 975), (1390, 964), (1370, 954), (1350, 943), (1330, 933), (1309, 922), (1289, 909), (1269, 896), (1250, 882), (1232, 869), (1214, 856), (1196, 844), (1177, 833), (1158, 824), (1137, 815), (1117, 808), (1095, 801), (1072, 795), (1049, 789), (1026, 783), (1002, 777), (979, 770), (958, 762), (938, 754), (918, 744), (899, 734), (880, 724), (861, 715), (841, 707), (821, 700), (800, 695), (779, 691), (757, 689), (734, 687), (712, 687), (688, 687), (665, 687), (643, 687), (619, 687), (595, 687), (570, 686), (544, 686), (518, 685), (492, 684), (466, 683), (441, 682), (416, 680), (392, 679), (367, 678), (342, 678), (317, 678), (292, 678), (266, 678), (242, 679), (220, 680), (195, 684), (171, 690), (146, 697), (120, 704), (94, 712), (70, 719), (58, 722), (46, 725)
Traj: (1867, 1036), (1857, 1029), (1846, 1021), (1824, 1005), (1802, 990), (1780, 976), (1758, 961), (1738, 947), (1719, 934), (1699, 922), (1679, 909), (1659, 898), (1640, 887), (1619, 876), (1599, 866), (1579, 856), (1560, 845), (1540, 832), (1523, 818), (1508, 801), (1496, 782), (1489, 762), (1489, 744), (1494, 726), (1506, 711), (1521, 698), (1540, 688), (1560, 679), (1581, 671), (1601, 663), (1623, 655), (1644, 648), (1666, 641), (1688, 634), (1710, 628), (1731, 622), (1753, 618), (1773, 614), (1794, 612), (1814, 610), (1824, 609), (1835, 608)
Traj: (436, 403), (447, 414), (458, 426), (480, 449), (502, 472), (524, 495), (546, 518), (568, 541), (591, 564), (613, 587), (635, 610), (657, 633), (679, 656), (701, 679), (724, 702), (746, 725), (768, 748), (790, 771), (812, 794), (834, 817), (857, 840), (879, 863), (901, 886), (923, 909), (945, 932), (967, 955), (990, 978), (1012, 1001), (1034, 1024), (1045, 1035), (1056, 1047)
Traj: (392, 371), (402, 377), (411, 383), (429, 395), (446, 409), (462, 425), (476, 442), (489, 461), (500, 481), (509, 502), (517, 523), (520, 543), (517, 560), (509, 574), (494, 586), (475, 594), (455, 600), (435, 604), (414, 608), (394, 611), (373, 614), (352, 618), (331, 624), (310, 631), (290, 638), (270, 646), (249, 655), (229, 662), (207, 670), (184, 677), (172, 680), (160, 684)
Traj: (724, 499), (732, 507), (740, 514), (755, 528), (773, 542), (790, 555), (808, 567), (826, 579), (845, 591), (863, 601), (882, 611), (901, 620), (921, 628), (942, 635), (963, 641), (984, 647), (1006, 653), (1027, 658), (1049, 663), (1071, 668), (1093, 672), (1115, 676), (1137, 679), (1159, 682), (1181, 683), (1203, 684), (1224, 683), (1246, 681), (1267, 678), (1288, 675), (1310, 671), (1333, 668), (1356, 665), (1380, 662), (1404, 660), (1428, 658), (1452, 656), (1476, 654), (1500, 652), (1525, 650), (1551, 647), (1578, 645), (1607, 642), (1639, 640), (1670, 638), (1700, 637), (1727, 637), (1754, 636), (1779, 634), (1803, 630), (1826, 625), (1850, 619), (1873, 614), (1884, 611), (1896, 608)
Traj: (33, 860), (46, 858), (59, 857), (84, 855), (110, 853), (135, 852), (159, 850), (181, 849), (203, 847), (224, 844), (246, 841), (267, 837), (289, 834), (312, 830), (336, 828), (362, 826), (388, 825), (414, 825), (440, 825), (465, 825), (489, 825), (513, 825), (536, 827), (561, 830), (587, 834), (614, 840), (643, 846), (672, 851), (701, 856), (728, 860), (753, 865), (776, 870), (797, 877), (818, 886), (838, 897), (857, 910), (875, 925), (892, 941), (907, 956), (922, 971), (938, 986), (953, 1001), (969, 1017), (984, 1035), (992, 1044), (1000, 1053)
